2032 2013 3039 3599 5250 6036 6880 7577 8223 8317 8648 8777 8828 8907 9062 9073 9101 9044 9042 9079 9131 9091 8985 9135 9127 9018 9153 8232 
2040 2026 3116 3893 5279 5975 7089 7577 8166 8389 8467 8734 8517 8836 9054 8773 8897 9054 9155 8916 9051 9102 8971 9064 9028 9091 9072 8961 
1764 1897 3065 3106 5198 6236 7043 7536 8264 8307 8601 8701 8736 8946 8805 9027 9023 9064 8992 8982 9014 9060 8980 8975 9066 9062 9089 9026 
2040 1997 3019 3652 5245 5942 7060 7573 8130 8350 8505 8691 8783 8861 8906 8950 8962 8989 8997 8963 9067 9058 9002 8984 9001 9043 9056 9033 
2040 1773 3379 3399 5105 5773 7109 7343 8119 8365 8347 8603 8841 8790 8878 9047 8887 9066 9081 9022 9011 8939 8991 9110 9038 8955 9052 9050 
1756 2036 2893 3692 4860 6064 7110 7319 8080 8237 8419 8711 8708 8914 8991 8883 8887 8862 8992 9011 8959 8809 8956 8991 8901 8902 9030 9073 
2040 2014 3130 3133 5321 5858 6965 7448 8037 8220 8568 8714 8799 8830 8924 8949 8936 8976 9041 8912 8937 8895 8913 8984 9056 8913 9021 8976 
1720 1972 3076 3684 5278 6054 6905 7286 8142 8259 8531 8496 8738 8692 8802 8810 8842 8896 8813 8888 8850 8727 9025 8950 8960 8926 8980 9063 
2032 1966 3228 3746 4921 5990 6840 7378 7942 8122 8434 8610 8704 8708 8872 8845 8809 8716 8869 8806 8856 8987 8785 8910 9005 8963 9002 8899 
1720 1993 3067 3417 5219 5859 6890 7357 7752 8121 8245 8428 8528 8641 8691 8810 8840 8800 8861 8837 8813 8720 8915 8982 8931 9009 8876 8912 
1711 2023 3343 3802 5267 6074 6828 7105 7781 8094 8343 8451 8623 8631 8608 8607 8701 8795 8902 8879 8773 8827 8830 8728 8897 8873 8547 8739 
1450 1853 3345 3477 5008 5769 6614 7048 7567 7921 8384 8419 8071 8746 8513 8680 8393 8553 8823 8557 8760 8791 8686 8834 8906 8711 8800 8823 
2040 1917 3074 3441 5072 5805 6714 6958 7814 7846 8140 8091 8055 8289 8311 8685 8408 8621 8736 8700 8764 8714 8727 8410 8585 8801 8498 8593 
1444 1362 3152 3793 5116 5596 6484 6938 7733 7889 8026 8280 7713 8240 8464 8457 8661 8486 8103 8612 8221 8467 8710 7857 8637 8628 8671 8668 
2032 2054 3165 3502 4917 5453 6605 6690 7195 7189 7299 7835 8345 8319 8230 8211 7998 8333 7341 8496 8625 8268 8235 8722 8169 7428 8491 8266 
2032 2029 3270 3437 4822 5151 6091 6273 7250 7081 7199 7662 7858 7861 7356 8095 8052 8235 8171 8040 8154 8332 8246 8054 8271 6503 6619 8036 
1327 1960 3331 3066 4233 4869 5815 6190 6493 6666 6580 6535 7431 6195 7510 7152 7123 6048 7712 3453 6983 6173 6496 5822 4808 7062 6469 6341 
1387 1829 2995 3323 4000 3992 5286 4696 5908 4440 5222 3333 6174 5611 5046 5581 5804 3628 2880 3218 5343 2991 2053 4154 6215 5980 2934 4937 
1703 1708 2944 3047 3629 3388 3301 3857 3824 4128 4338 2114 4352 4026 3212 3420 4352 3391 3651 3323 2971 2936 3713 2928 4070 2969 3956 2396 
1442 1581 2012 2181 2614 2658 2967 1946 2705 2150 2063 1768 2262 2376 2396 1980 1888 2332 2065 2087 2138 2380 2440 2341 1850 1899 2085 2180 
